name:IndigoRoute1
minMonLevel:20
mons:["bunnelby4", "trapinch3", "elekid2", "deino1", "diancie0"]
startingPosition:58,12
doors:{"59,12":"start|1,72","59,13":"start|1,72"}
0133301100000000033333333313303300100
0133001100000000000333333333000333111111111111111111111111100
0130001130001000000000003300033333113300000000000000000000100
0111013333000000030000000110033333110300000000333000000003100
0141133333000000033330000110000000000010111000330000011133100
0144111133300000033333000110000001110011111100303000011413100
0141444111331111003033300011111111411111100000000300001441100
0144444441111141100000001144111111111110031030003011000141100
0141111411144444111111111111100000000000033330330011003141100
0111001111111111111444111000000010110333000300000011033141100
0100000000110000001111100000000000110033330000000330331141100
0111111111000010330011001000000000110330333000033333031411100
0111111111000003333000000011000033000033330000331113311110100
0111111111000000333000000111000333000003300111111411111100100
0111000000000000033000111141000300100000111144444414441000100
0111000100000000000000011141110000000011144400444444410030100
0100010000000000000000000114411100011114444400040044410300100
0111111100111111000000000014444101114444414000000004413333100
0100000000303333003333000014444111444444444000100004413303100
0101001000003300033333330014444444444441144400000444410330100
0100000000033333333331111114444144444110111144004441413300100
01000010003330000331114444444444444410001101444444444101101001100
01111000003110000111444444444444444100330001444444444101101001100
010000111111100001444444444444444110033033014444444441011010011100
010011111111000000111144444444441100003330014441444441000010110100
010011100000100001000114444444411000011001114444444441000010111100
0111000100000000033000114444444100000110011144444444410000110001100
0111111111111111003333011444444100000110000111144444410000100
01110330301111113333333014414441100000010000001444441100301001100
0100303333300000303333001444444410003000330000144444100330101100
010330000000000001001000114444411033330330000014444410330010100
01330000000000001001000001144441003313110000001444441030301011100
01111111100111111111110000114411000330110000001444441033001000100
013300000000000000000000000141100000001100001114444410330011000100
013330000000000000001111111141000001111010011444144110300011000100
010330000000003000011000011441011101111000114444444100000011111100
01111111111103303001000011144111010121100114444444410011001100
01000000000133003331111011144111010000001144444444410011001011100
010000000001303003333110114441010100000114444444444100110010100
01111111111100030033301111444111110100014444444444411000001011100
011000000001000033333301114444101100000144444444444411003010001100
011000000001300000333001114444100110000144144444444441033010000100
011000000001100003003011114444100011001114444444444441333010000100
011000000000130033003310114444100001000011144444444441303310111100
0110000000001330333330101144141000011100001444444444413303100
0110000000001330030300101144441000011100001444444444411030100
0111110000001330033300101114441100011101001444444444441030100
01000100000113300330001010114441000110000114444444444411001111100
01000100000133000031111011014441000010000111144444444441001100100
01110100000130001111000001011441100013300000144444414441101133100
00010100000133001000000001001444100013331100144444444444110030100
000101000001333010000000011011441111131011001444444444444103301100
0001010000010033100000000011014441003033110111111144444441133300
01111100000100331000000000010111411103301111110001144444441103300
01011000000100311000000000011001114111111111000000114444444100
010100000001003100000000000011000141411100001100000111144441100300
010100000001001100000000001111111141110000001100000110111444103300
010110000001031000000000011111144111000011111111000000001444110300
01001100000133100000000011114414410000001001111100000000144141100
011111111111221111111111101444444111111110000001111110111444441000
0000000000000000000000000000000000000000000000000000004444440
