name:jolteon1
minMonLevel:10
mons:["ralts4", "metapod3", "bagon2", "pinsir1", "mew0"]
startingPosition:46,62
doors:{"45,63":"start|31,94","46,63":"start|31,94","27,8":"jolteon2","27,9":"jolteon2","27,10":"jolteon2"}
04440111111111111111111111111111111111111111111111111111111111100
04440101100000000030300003330003000300000000000000000000011000100
40440101100000000000000000000000000000000000000000000000011033100
00040101100000000000000000000000000000000000000000000000011003100
00000101100011000000000000000000000000000000000000000000011003100
00000101100011000000000000000000000000001111100000000000000033100
00000133000011011111111111100300030003031111111100000000000033100
00000100000011010000000000103000300000031000011100000000111033100
00000130000311010000000000100300000000001000000100000001111133100
00000103000030110000000000103303330300001000000100000001100103100
00000100000300100144440000133000300000301111000100000001000103100
00000100000000101014441000100110001100301121000100000001000133100
00000130000300101014410100100110001100301101111100000001000133100
00000103000300104114410100100110301100001101121100000001000133100
00000110000001104410014400130110301103000000000000000001111133100
00000010303011004411114400103110301100000000000000000001121103100
00000010000010004441114401130003333300000000000000000000000003100
00000011000010000440044001300033330033000000000110000000000003100
00000001000110004044444011033303330003030000001101000000000003100
00000001000100000004004010000000000000000000001001000000000000100
00000001000100000400000010030000000000111111101001000000000000100
00000401000100000000000010300330030030100000111001000000000000100
00000001000100000400111010300033000033100000100001000000000000100
00000001000100040444100010033303330003100000100001000000000000100
00000001000100000001000010000003000000100000100001000000000000100
00000001000100000001000103301103011000100000100001000000000000100
00000001000100000001000000031103011000100000112111000000000000100
00000001222100000001000000301103011000101110100000000003333330100
00000000111000040001000110301103011000111211100000000003333333100
00000000000000004401100010001100011000000000000000000003333333100
000000000000000000000110103000000000300000000000000000033333331100
000000000000000000000000100330033003000000000000000000033333331100
000000000000000000000000110000000000000000000000000000333333330100
000000400000000004000000103000000000000000000000011111111111111100
0000000000000400000000001003300300301100000001111100
000000000000000000000000103030000000110000011100
0000000000000000000000001000003000001100011100
00000000000040000000000010000033000011000100
00000000000004000000000010300000000011001100
0000000000000000000000001000000003000000100
000000000000000000000000100303000003001110000000000000000000001100
00000000000000000000001010000000000000111000000000000100011111100
000000000000000000000011110001300000301110000000000001111100111100
000000000000000000000011100001000000031110000000000001103000111100
000000000000000000000110000011300300001111111111111111100000001100
000000000000000000001100001011030000000000000000000000000000000200
000000000000000000111000111111100000000000000000000000000000000200
000000000001111111100011000001110300000000000000000000000000001100
000000000001101100000114444400110003000010111111111111103000001100
000000000001000110001144444444011111110110444444444441100000001100
000000000001011111111000000000000000010100444444444440100000001100
000000000000000000110000000000000000010104444444440440101100001100
000000000000000000010000000000000040010104444444400000101100301100
000000000000000000110000040000000004010104444444400001101100001100
000000000000000000110000004004000000011104444444444001001100301100
000000000000000001100000000400400000000004444444040001001100001100
000000010100001111000000000400004000000044444444000001100000031100
000000000111111000000000000040000000000000444400400000010000001100
000000000000000000000000000000000040400000444404000000011111111100
000000000000000000000000000000000000440000444400
00000000000000000000000000000400000000000444400000400
00000000000000000000000000000000000040000044400
000000000000000000000000000000000000004000044400
0000000000000000000000000000000000000000000440
