name:jolteon2
minMonLevel:30
mons:["mareep4", "mienfoo3", "fletchling2", "dratini1", "goldeen1", "shaymin0"]
startingPosition:74,72
doors:{"73,72":"jolteon1|26,9"}


00000000000000000000000000000000000000000000000000000000000000000000000000000000000000000000000000100
0000000000000000000000000000000000000000000000000100
00000000000000000110000000000000000000000000000001111100000000000000000000000000000000000000000000011110000011
01111111100000000100000100000000000000000000001111333111111111111000000000000000000000000111000111111011111111111
013333331000000001000001000000000000000000000010333333001000000011111000000000000000001111011111000000000000000011
013313331111000001000001000000000001000010001113333333000000000000001100000000000000001000000000011111111111110011
013303330001000001000001000000000001000000000133333333000000000000000110000000000000001000000001110003333333310011
01333330000111110100000100000000000100000001113333333300000000000000010000000000000001101000000100003333333001001100
01333330000000010111100100000000000100000001333333333000000000000000010000000000000001100000001101000000000000000100
01333300000000011110110100000000000100000001333333333000000000000001010000000000000001100000001000000000000000000100
01330000000000000100111100000000000100000001333333000000000000000000011000000000000001000000001000000000000000000100
01000000000000000100001111111111111111110001333333000000001000000000001000000000010001000000001000011111110010003100
01111100000110011100011100000000000033100001333000000000000000000000001000000000010001000000011000010000110011033100
00000100000100000000000000000033313333100001000000000000000000000000001100000000011011111111010000010001110001113100
00000111000133330000000000000333303333100001000000000111111111100000000100000000001110100001010011111001000000013100
00000001000133333330000000000033333333100111000000011100000000100000000100000000000010100001010010001111000000013100
00000001000133333333330011000003333333100100000000010000000000101000000111111111111111100001110010000000000000013100
000000010001333333333300111100000033331011000000011100000000001111000000011000000001300000000000100000000000000111100
0000000100001111133333301001000000011110010000011000000000000000010000000010000000013333000000111000000000000000101100
00000001000000001333333011110010000010000110000100000000000000010100000010100000000133333300111000000000000000031100
11000013300000001111111100110000000010000100000100000010000100011110000000100000000131333311100000010001110000333100
00000011333000000001111100000000000010000100000100000000001100011100000000100000000130333310000001110000011000333100
00000013333300000001111100000100000010000111000110011000001000000000000000100000000133333310000001000000001103333100
00000013333333000000000111110000000010000001000000001000001000000000000000100000000133333310000001000000000133333100
11111113133333000000000000010000033310000001000000001110000100000000333313100000000111111110000001000000000133333100
11333001111111111000000011110003333310000001100000001110000100000003333303100000000010000000000001000000000133333100
13333300000000001110000001010333333310000001000000001110000110000033333333100000010010000000000001000000000133333100
13333300000000001010000110013331333310000001000000001110000001111133333333110000010010000000000001000000000113333100
13333330000000001010000100013330333310000001330000111000000000000111111111100000011110000000000011000000000113333100
1333333000011001111000010001333333331000011133300013300000000000000011111110000000011000000000011000000000001333111100
1111333000110000000000010011333333111000013333331113330000000000000000000110000000011110000001110000000000001111000100
0001330000010000000000010001333333100000013333331333333000000000000000000100000000010011111111000000000000000011110100
0001110000011000000000010001111111100000013331331333333001111111111000000100000000111100000000000000000000000000010100
0000010000010010011110011011000000000000013330331333333001000000001000000100000000000100000000000000000000000000011100
0000011000011111110000001111000000000000013333331333333001000000001110011000000000000100000000000111111111100000010100
1000001000011000000000001000000000000000013333331333330001000000000010010000000000000100000000000100000000100000010100
0000001000011111100000001000000000000000011133331111130111000000000010010000000000000100011111111100000000100000010100
1000001000011000100000001000000000000000000133331000100100000000000010010000000000000100010000000000000000100000010100
0000001000010001111000001000000000000000000111111000111100000000000010011000010000000100010000000000000000100000010100
0000001000010000001000001110000000000000000000011000000000000000001110010000010000000100010000000000001111100000010100
1101011101110000001000000010000000000000000000011000000001111111110000010000010000000100010000000000001000000000010100
00011111011100000110000000110000000000000001111110001111110001000000000111111100000001000111110000111110000000000101111100
00000010001000000010000000011111000000000001000010001000010111011100000000000100000001000000010000100000000000000111111100
00000010001000000110000000001111111111111111000011111000010100010100000000001100000001000000011111100000000011111111111100
00000010001000001100000000001211001000000000000011000000011101100100000000000110000101000000000000000000000101111111111100
0000001000110000010100000000121110000000000000001000000000000100010000000011111000011100000000000000000001110100
00000010000100000110000000000000000000111100033310000000111110000111000001133310000103300000000000000001110011100
00011110000100000110000000000000000000110100333311111001110000000000000333333310000133330000000000000111011100
000133300001000000111111111000000011111001111133330000000100001111110003333333100001113300000000000001000100
0001333000011111111111111110000000100000000001333330000000000010000100003333331000000133000000000000010111000100
0001333000100000000000000001000011100000000001333333000000000110000111000333111000000133330000000000010100
0111333001100000000000000001100010000000000001333333000000000111111110000003100000000133330000033000010100
0133330001100111111111110001100011100000000001333333000000000000000000000001100000000133330000333000010100
0133330001100100000000010001100011100000000001333011110000000000000000000000111111111133300000333000010100
01333000011001000010000100011000001000000000010000100100000000000000000000000000000000000000001111001101100111111111111100
013300000110010000000001000110000110000000011110001001000000000000000000000000000000000000000010010011011111000000000100
01000000011001110000000100011000001000000001100000100111000000111111111111111111111100000000111010031101100
01000000011000011111111100011000001111111111000000100001000000100000000000000000000100000000101010331000100
01000000011000000000000000111000000000000000000011100001000011100000000000000000000130000000101013331000100
011100003110000000000000001110000000000000000000100000010000110000000000000000000001330000031010133310001100
00010003311111111110011111110000000001111111111111000001000001000000000000000000001333300003101013331000100
00010003311111111110011111110000000000100000000000000001000001111111000000000000011333300033101013301000111111100
000100033333000000000000000000001111111000000000000000010000000000010000000000000013333000331011130010000000000100
000100003333330000000000000000001000000000000000000001110000000000011111000000000013333000331010030110000000000100
001100000033330000000000001111111100000000000000011111000000000000000001000000000011111000331010300110000000000100
0100000000333300000000000010000000000000000001111133300000000033300000010000000000000010033310130011100000000001100
0100000000033300000011111111000000000000000001333333300000003333330000001000110000100011111111100010010000000000100
1100000000000000000010000111111111100000001111333333000000003333333000110111111111111100000111100110001000000000100
10000000000000000000100001333333331000000001333333300000000333331333001000000000000000001101100033300001000001111100
11111111000000000000111111333333331000000001333333000000000333330333001010000000000000001011103333330000100001000100
10000011111100000000000003333333331000000001333000000000000333333333001111110000000000001001033333330000010011003100
10000001000100000000000000333333331110000111000000000000000033333333001121000000000000001001333333313000001111003100
10000011000111110000000000003333333310000100000000111100000000333300000001000000000000001001111111303300000000033100
10000001000000010000000000000033330011111110000000100100000000000000000001000000000000001000000001333300000000333100
11111111000000001111000000000000000000000000000111100111000000000000000001000000000000001000000001333330003333333100
00000000000000000001000000000000000000000000000010000001000000000000000001000000000000001000000001330000003333333100
00000000000000000001111111000000111111111111111110000001111100000001111111000000000000001000000001111111111111111100
000000000000000000000000011111111000000000000000000000000001111111110000000000000000000010
