name:start
minMonLevel:1
mons:["magikarp4", "wurmple3", "gulpin2", "beldum1", "latios0", "latias0"]
startingPosition:28,33
doors:{"27,33":"startdoor1","29,95":"jolteon1","30,95":"jolteon1","31,95":"jolteon1","32,95":"jolteon1","33,95":"jolteon1"}
00000000000000000000000000000000000000000000111110000000000000000000000111100
00000000000000000000000000000000000000000001100010000000000000000000000101100
00000000000000000000000000000000000000000011000010000000000000000000000100100
00000000000000000000000000000000000000000110000010000000000000000000000100111111111111111100
00000000000000000000000000000000000000001110000010000000000000000000000130000000000000000100
000000000000000000000000000000000000001110011111100000000000000000000001331111111100000001100
000000000000000000000000000000000000011000000000100000000000000000000001331000000111111000100
000000000000000000000000000000000000110000000000111000000000000000000001031000000111111000100
000000000000000000000000000000000001001100000000101000000000000000000001131000000111111000100
000000000000000000000000000000000111101100000000101111111110000000000001031000000112111100100
000000000000000000000000000000000000101100010000100001111010000000000001331000000100000000100
000000000000000001111100000000000000111000000000100011111111111111111111331110000111111111100
00000000000000000100110000000000000011100000000010001111111101110333113331111100
00000000000000001101111100000000000011100000000010011111111100110333111131111100
00000000000000001001010100000000000010100000000110011110111110000333331101111100
00000000000000001101110100000000101110100000001100011100001103000003331103111100
000000000000000001000001000000001010001000000110000111000011000000003333330101011100000000011100
000000000000000011100001000000011110001000000100001111000011110000000033030101111100000011111100
000000000000000010001001100000010110001001111100001111000111110000000033333301100100001111311100
000000000000000011001000100000010111111111111110011110000111110000000003030001100100111010301000
000000000000000001001000111000010100001111111010013111001111100000000000000001101110133333331100
000000000000000001011000111000010111111331211011013111001111100000000000000001101111111330331100
0000000000000000001100000011111100000033330330010133110011000000000000000000011011010110003311100
0000000000000000001100000000000000000033330330011113110011033330000003000000000000000110000333100
0000000000000000011010000000001111111033330330031011110333333030000003300001100001100000011033100
0000000000000000010000000000011011111000000000031100010003333330000033330001100001100000011000100
0000000000000000011111000000010011111000000000033100011000000000033333333001100001100000011000100
00000000000000000000010000001111121111111111110331000131310101010131313131010101010101010101011100
00000000000000000000010000000000000000000000000331000131310101010101313101010101010101010101011100
000000000000000000000100000000000000000000000003311111333300000000000000000000000000000000000002100
000000000000000000000111111111110000000000000000000000000000000000000000000000000000000000000002100
000000000000000000000110000000010000000000000000000000000000000000000000000000000000000000000002100
000000000000011111100111111111110000000000000000000000000000000000000000000000000000000000000002100
00000000000001333110010003300330000003333333303331111133300000000000000000000000000000000000000200
00000000000001333011113333333300000003333330110331000111111111111101101101101101101101101101101100
00000000000001330011033333333030000003333330110331000111000000000001111100000000000000000000001100
00000000000001300011333333330000000003333330110031000111111100000010001100000000000000000000001100
00000000000001110000033333333303000003033300033111000000000113000011111010000000000000000000111100
00000000000001410003033333330030000003333000001100000011000013000011000000000000000001110000100100
00000000000001411030330030330000000003333110001000000011000013300111110000000000000000111111000100
00000000000001441000113030000000000003000110001111110011000113303110010000033300030300111000000100
00000000011111441011111300000000000000000000011301110000000111000010011033330333000300001000000100
00000000014444441111111300000000000000000000311331110000000111000011111333033333033000001000000100
00000000014444444111110000000000000000000113311301110000000111000000003033333033030000001000000100
00000000014444444100000000000000003003000113333331000000000111100000033333033333000000001100000100
00000000014411111100000000000000000000000110003001111000000111100030333033333330001110001110000100
00000011111111003330000000000000300011110000000000111100011111000000300033030330111011000010000100
00000100000011000000000000011000000011110000011000110111110011000000333333333330100001100010000100
00000100000000000000000000011030330000000000011000113001100011000000033333333300100000100010000100
00001100000000000000000000011000003000010000011000113001101100000001003303333300100000100010000100
00001100000000000000000001111100000011001100000000113011001111000000000033303330100000110011000100
00001100000110000000000001111111000011001130000003113311300011100000000003333330110000011011100100
00000100000110000000000001111111000011001131301133113311300011100000000000330330011000001000100100
00000111000000000000000001111111000003003333331133111111111111111111000000033333001100001000110100
00000001000000000000000001111000003333333333331133111100000000000001000100000303000111111100011100
00000001300000000000000000011001100333333311111111110000000000000001110000001000000000000000001100
00000001330000000000011000000001103333303310000000000000000000000000010000000000000000000000001100
00000001330000000000011111000000111111111110000000000000000000000000011111110011111111111100001100
000000013300000000000001410000001000000000000000000000000000000000000001110100100000011101111111100
000000013311000000000111411100001000000000000000000000000000000000000000000111100000000001110110
000000013011000000011144411133331000000000000000000000000000000000000000000000000000000000010110
00000001111110000011444111111111100000000000000000000000000000000000000000000000000000000001000100
00000000001110000014441100111001000000000000000000000000000000000000000000000000000000000001000100
000000000001111111111110001111110000000000000000000000000000000000000000000000000000000000001111
